mean                    = 0.6475
stddev                  = 0.12357776760592754
95% confidence interval = [0.6232787575492381, 0.6717212424507618]
